##########Training set
Confusion matrix
[[5290    0    6    2    2    2   10    4   11    4]
 [   0 6008   24    8    6    0    2   11   11    1]
 [   8    6 5299    7   13    2    3   26   11    2]
 [   3    3   39 5379    2   31    2   28   21   15]
 [   5    8    7    1 5121    1   15    5    6   50]
 [  13    2    5   42    6 4788   23    3   13   12]
 [  17    4    2    0    6   12 5264    0    5    0]
 [   7   15   27    3   15    1    1 5518    4   23]
 [  10   26   14   18    5   13   11    2 5188   13]
 [   8    5    0   18   51    8    0   33    9 5216]]
Accuracy: 0.9827962962962963

##########Validation set
Confusion matrix
[[584   0   0   0   1   0   2   2   2   1]
 [  0 660   4   2   1   0   0   2   2   0]
 [  2   3 561   6   1   1   1   3   3   0]
 [  0   1   4 588   0   6   1   4   3   1]
 [  0   2   2   0 610   0   4   0   1   4]
 [  0   1   1   6   2 499   3   0   1   1]
 [  2   2   0   0   2   4 596   0   2   0]
 [  0   2   2   2   3   1   0 636   1   4]
 [  1   4   1   4   2   3   2   1 532   1]
 [  3   2   0   4   8   0   1   6   1 576]]
Accuracy: 0.9736666666666667

##########Test set
Confusion matrix
[[ 971    1    0    1    0    1    3    1    1    1]
 [   0 1126    2    1    0    1    2    1    2    0]
 [   5    1 1007    3    4    1    0    7    4    0]
 [   0    0    5  988    0    4    0    6    5    2]
 [   0    0    4    0  959    0    4    2    2   11]
 [   5    0    0    8    2  861    9    1    4    2]
 [   5    3    0    0    5    4  938    0    3    0]
 [   2    5   14    2    0    0    0  997    0    8]
 [   4    2    3    6    4    3    5    3  941    3]
 [   3    5    0    8   13    2    1    5    4  968]]
Accuracy: 0.9756

Predicted class of my digit: [9]